# Excitation energies (eV), oscillator strengths (direct output), oscillator strengths (self-calculated)
3.348736753330236 4.5190982960318973e-07 0.0006722423890258555
6.104498144528228 7.968380094593282e-61 8.92657834480451e-31
7.53834891558642 4.745987377520715e-06 0.002178528718543943
7.7828830821551485 7.03287980052253e-05 0.008386226684583794
7.829025646093728 1.587214197967737e-06 0.001259846894653369
8.492292094318382 4.042201167393219e-56 2.0105226105152906e-28
8.564735415710246 1.639819973931935e-07 0.0004049469068818695
10.30147495730797 0.0015782644597372513 0.03972737670344282
11.133551039224141 1.2207395818577303e-57 3.49390838726165e-29
12.89082845857739 0.0008300827781789455 0.02881115718222622
14.817641132733177 0.17456793250330316 0.4178132746853589
15.55315745331695 0.0015592337274363385 0.03948713369486748
15.610849664706883 1.5133128240209957e-06 0.0012301678031963752
16.778998251341378 1.0592374461085648e-07 0.0003254592825698116
17.30801771235731 1.8698376054969182e-06 0.0013674200545176008
17.833511298985286 0.0006610377074362132 0.025710653578550142
18.875264783809016 3.1323425416016893e-07 0.0005596733459440149
19.15591807086434 0.09380580016459625 0.30627732558025944
20.25517680362805 0.19152583418224425 0.43763664629718135
20.550873767380185 0.00011773386581270306 0.010850523757529084
